1.3049250023594385
1.449069926459721
1.265043092616836
0.9538177258800481
1.3690840373266047
1.3136180711627945
1.6253087401566937
1.1906477489843301
1.3254820945474233
0.6753137698793387
0.877754323656309
0.5964895737984184
0.8166682179534894
0.5511643167124043
0.6346827745092919
0.6267859423966268
0.6057133875241575
0.3942786191526344
0.6076592823322908
0.5919699921994415
0.7552373775319426
0.8270113953428013
0.5391430562587767
1.036494464848822
1.4148159443973076
1.5694451980245012
1.8210176629613832
2.034303307751145
1.53664100679455
1.4763787128772838
