1.5575865910322284
2.0316965014178545
2.527159472728958
2.6723924798859993
3.0556883949222513
3.226100565264301
3.413836775759006
2.934969359401483
2.574515504193705
2.6488388964756617
2.9253870488198985
3.1964831294088745
4.565820133697982
7.400903824656596
9.633267837723208
7.016102363491975
4.508193821658606
2.7329525442253204
1.7254938107215634
1.4010698300325652
1.4277427130171043
0.8691896336292224
1.2026529289752554
0.5831154459014418
1.1207179346239071
1.0105518841821948
0.8807933908444603
0.8835180770749729
1.0899061329336812
1.2699960898845595
